[[ -5.24124920e-01  -5.72859168e-01   9.54463035e-02   3.83228481e-01
   -1.76963374e-01  -1.76092178e-01  -4.19185609e-01  -5.57702743e-02]
 [ -5.94438076e-01   6.30120635e-01  -1.70207784e-01   3.10038358e-01
    1.84062332e-01  -2.34777853e-01   1.29535481e-01   1.36813134e-01]
 [ -2.56274015e-01   2.74017543e-01   1.59810841e-01   3.73903001e-16
   -5.78984618e-01   6.36550903e-01  -3.32297325e-16  -3.05414885e-01]
 [ -2.85637408e-01  -2.47912124e-01   3.54610324e-01  -7.31901303e-02
    4.45784479e-01   8.36141407e-02   5.48721075e-01  -4.68012422e-01]
 [ -1.93139315e-01   3.38495038e-02  -5.00790417e-01  -4.28462476e-01
    3.47110212e-01   1.55483231e-01  -4.68663752e-01  -4.03576553e-01]
 [ -3.05134684e-01  -2.93989003e-01  -2.23433599e-01  -1.91614240e-01
    1.27460942e-01   4.91219401e-01   2.09592804e-01   6.57535374e-01]
 [ -1.82489842e-01  -1.61027774e-01  -3.97842437e-01  -3.83228481e-01
   -5.12923241e-01  -4.27574426e-01   4.19185609e-01  -1.18313827e-01]
 [ -2.46898428e-01   1.57254755e-01   5.92991650e-01  -6.20076716e-01
   -3.21868137e-02  -2.31065080e-01  -2.59070963e-01   2.37976909e-01]]
=============
[ 2.75726271  2.67824793  1.89221275  1.61803401  1.19154561  0.94833982
  0.61803401  0.56999218]